clone_seconds: 0
bootstrap_seconds: 25.387120749
b2_install_seconds: 39.472248246
example_build_seconds: 1.686658116
