conan_install_seconds: 6068.989759195
cmake_configure_seconds: 2.968797533
cmake_build_seconds: 1.812780753
