cold_build_seconds: 2.337930011
warm_build_seconds: 2.175854036
