b2_headers_gcc_seconds: 18.221653872
b2_headers_clang_seconds: 177.547734694
