b2_headers_gcc_no_cache_seconds: 18.221653872
b2_headers_clang_no_cache_seconds: 177.547734694
