b2_headers_gcc_seconds: 2.298347185
b2_headers_clang_seconds: 2.751100406
